"Map","System","plotOrd","Region","Latitude","Longitude","K","L50","TL","Depth","DepthCV","Chla","ChlaCV","SBT","SBTrange","TAI","Trawl","cpue","cpueSD","richness","shannon","evenness","z.value","z.value.l","z.value.u","synchrony","avcvpe","avcvpe.l","avcvpe.u","mvpe","mvpe.l","mvpe.u"
1,"Iceland north",54,"Arctic",66.281,-19,0.2158073,38.36193,3.99534,155,0.2437,0.202523487,1.098929025,2.287503472,0.597098728,9.253415,-1.40538340307866,9581.6026931821,3476.53546075481,31.45,1.6708457496037,0.484658044355441,1.90825118743586,1.77978407464384,2.03671830022787,0.35844214028752,2.10892052807744,1.02462339122851,3.96962815909612,1.34177142524029,0.848412628925485,2.12202234645128
10,"Eastern Scotian Shelf - west",45,"West Atlantic",43.946,-61.335,0.3323693,31.81707,4.114958,95.0472,0.3972,-0.000672377,0.722847419,4.867708333,-0.038740828,13.006717,0.368072642691042,11564.9872694456,2924.88623697263,25.4411764705882,1.60069936435448,0.494515107413337,1.85260382900902,1.66110821850598,2.04409943951207,0.186683604273223,3.67477744215983,3.25285963339942,4.34926949314786,2.19110498133826,1.26877220191537,3.7839267222262
11,"Western Scotian Shelf",44,"West Atlantic",43.218,-65.5,0.2783318,39.70649,4.143406,116.0694,0.2944,0.102033009,0.603087344,7.756321429,0.481720433,12.340553,0.245659357355007,7663.77632494915,2541.85630476286,23.8529411764706,1.62676310165036,0.512834567551362,2.00107913051748,1.86558689106979,2.13657136996516,0.1693374723906,2.49321817200272,2.47248756132431,2.88567549126694,2.40221790339866,1.69838012186009,3.39773810417008
12,"Gulf of Maine east",43,"West Atlantic",43.011,-68.14,0.3211391,24.90699,4.105367,157.6371,0.24,0.737483739,0.972657459,6.628216667,0.163308618,10.782725,0.478439199566833,15647.1004808262,24455.6402759984,22.4117647058824,1.50873444780183,0.485681305282121,2.07459975813392,1.89395433775062,2.25524517851722,0.833561826066483,0.796646828821373,0.540360153722919,1.36107994732546,0.89006708277387,0.529409058121826,1.49642209494512
13,"Gulf of Maine west",42,"West Atlantic",42.588,-69.935,0.3413084,28.03428,3.964495,105.9057,0.5,1.180526021,0.78680327,5.543583333,1.08180517,10.130126,0.373459688671494,18184.7484320838,20139.5280842209,33.4705882352941,2.19057310618158,0.624106285318969,2.04657186571127,1.90871030442925,2.18443342699329,0.472390765240889,1.18484464459568,0.777892233280996,1.65342169082675,1.22629868780907,0.833791005310086,1.80357962864206
14,"Georges Bank",41,"West Atlantic",41.195,-67.295,0.320807,37.74185,4.075194,86.7314,0.4571,0.181048032,0.756609065,9.202805556,1.359436907,9.243469,0.479455692419822,14167.177462594,20675.7323331876,34.7058823529412,2.32823451752994,0.656362769150903,2.04297754848187,1.90144358272249,2.18451151424125,0.723389770739309,0.877604570023066,0.650054842569482,1.31120582056569,0.901401075363623,0.602574003671472,1.34842176017552
15,"Southern New England Shelf",40,"West Atlantic",40.383,-71.355,0.4604269,27.3474,3.987658,63.8571,0.5543,1.068365497,1.23836144,11.46506944,1.75817396,8.095299,-1.06442537771126,18942.5018583081,16595.0874875828,34.6176470588235,2.11414990941367,0.596479309958867,1.96513179720036,1.80791513829986,2.12234845610087,0.534345277820032,1.45614977627465,1.25912357584509,1.95217010837708,1.16070658362245,0.737038500503065,1.82790963069763
16,"Mid-Atlantic Bight",39,"West Atlantic",37.789,-74.29,0.4927283,23.5503,3.918814,55.2029,0.6886,1.106719923,1.495829163,17.33096667,1.555108435,6.081983,0.0781936145386739,21716.9848727889,19612.0290426539,45.3235294117647,2.11834674818815,0.555424603498094,1.96391830041728,1.84989199946776,2.0779446013668,0.483071224421654,1.53513370787914,1.07022074330092,2.20965582044677,1.24840804341358,0.862256374433041,1.80749332689421
17,"Gulf of Mexico",38,"West Atlantic",28.01,-94,0.5424257,18.00848,3.728548,43.8453,0.487,0.784570613,1.537203341,23.14530392,1.833907643,6.340368,0.58268422512386,23902.309000008,8251.59695087222,79.4814814814815,2.33827294906918,0.534376330730992,1.78610618491833,1.6938846847366,1.87832768510006,0.314670137684854,2.23934667175397,1.22380729688226,4.22577043895456,0.986097896767072,0.716352900447739,1.35741624191188
18,"North Sea south",37,"East Atlantic",53.574,2,0.344721,24.88181,3.910417,36.6568,0.3088,1.37900476,1.392304198,7.309,1.089571544,13.837661,0.80254403921425,1159.46670315123,508.773618975998,30.4857142857143,1.21738182586166,0.356443399324857,1.92097166413766,1.78519237526324,2.05675095301209,0.474894938230517,2.51561953073527,1.735056010653,3.43660347018185,1.76693326071881,1.11988537133043,2.7878327798187
19,"North Ireland",36,"East Atlantic",56.386,-9.75,0.4007789,19.69273,3.592865,119.1058,0.2967,-0.193509632,0.823014486,9.855703704,0.282585775,13.521389,-0.288537104554235,3944.35686922517,3191.05759519015,24,1.44965516721136,0.455138568304004,2.1090857688893,1.97487643942994,2.24329509834865,0.445932173024406,1.18937544139769,0.902957034224006,2.44134703745037,1.46856088624571,0.969675274363723,2.22411680861508
2,"Iceland south",53,"Arctic",63.778,-19,0.3019389,30.67047,3.823651,132,0.3477,0.069596032,0.887133994,7.511956656,0.304386853,9.354416,-0.45482658544589,12521.7708746613,3855.29692380873,35.7,2.05510709583915,0.574819710026498,1.73933141076363,1.61700774504559,1.86165507648167,0.358854956759247,2.53287894125661,1.57309405839215,5.42486244412573,0.925699074468162,0.609736468520084,1.40539203526906
20,"Baltic Sea Kattegat",35,"East Atlantic",56.301,11.5,0.3418236,25.6929,3.778178,37.4034,0.3672,2.14443397,0.721054272,8.3685,2.176454816,14.647318,1.07165279196969,2850.09557180705,724.102156332127,17.3157894736842,1.44028836490303,0.505033773628665,1.78023191362415,1.6250043654314,1.9354594618169,0.134823198290153,4.54260570048569,4.19864908929966,6.11407432205213,2.09485678758064,1.30630758073317,3.35941169231343
21,"Baltic Eastern Basin",34,"East Atlantic",55.529,18,0.1991182,44.27348,3.978715,58.2557,0.3021,2.170481106,0.715261356,4.107402778,1.105036056,7.988188,0.352804563670628,2335.57013534608,1343.6595089281,8.70833333333333,0.866122617536025,0.401355934215394,1.78849590225031,1.65990609609574,1.91708570840487,0.719526676785297,1.77929931771225,1.3731249189091,2.87034676978616,1.05404467186729,0.759814698809085,1.4622119998905
22,"Baltic Western Basin",33,"East Atlantic",55.012,12.5,0.2083737,45.35185,4.106553,36.634,0.322,2.622762225,0.539848894,7.341083333,2.407935609,9.722294,1.11988083444463,1678.25750498579,708.278511838576,9.25,1.03231733870012,0.466017208185984,1.79914824210663,1.64226969706147,1.95602678715179,0.504444414455755,2.38170706304382,2.01849601643063,3.27929739024924,1.39041718292282,0.924718157458009,2.09064775788706
23,"North Sea north",32,"East Atlantic",58.589,2,0.3778185,23.85239,3.621078,80.4646,0.4676,0.366136338,1.170360196,8.449517442,1.639755064,14.28754,1.2562776419311,2978.57073561383,1192.49761271398,46.3714285714286,1.54230393211045,0.401900843332287,1.8846089357701,1.76000058773528,2.00921728380492,0.43809937142376,2.83271788570363,2.05560759083343,4.35045178574963,1.52505287011733,0.928201085680409,2.50569223903483
24,"West Ireland",31,"East Atlantic",53.371,-10.75,0.3185559,25.3698,3.815173,119.0079,0.3282,0.607045902,1.321925049,10.15664706,-0.042211853,12.970726,0.166043959273637,13462.8247597358,5077.91335963641,54.1666666666667,2.03090012900847,0.50877102566207,1.90167830716289,1.80508856393137,1.9982680503944,0.326577518209277,2.12426016141723,1.56810111381688,3.23656578622349,1.30188164104908,0.889813038735028,1.90477744595667
25,"Irish Sea",30,"East Atlantic",53.371,-4.75,0.2787813,23.77665,3.511257,46.2107,0.4387,1.153365313,0.725932685,10.47925,1.877631308,14.920392,-0.221786971884313,313.887684211636,64.2158200433691,37,2.52415142002439,0.699208670499085,1.75973086456212,1.6602493490775,1.85921238004674,0.228031434130872,2.83431932936403,2.34823478099108,4.12279494815052,1.42941704666396,1.08762592810172,1.87861749200818
26,"English Channel",29,"East Atlantic",50.524,0,0.2011579,23.16288,3.752863,37.145,0.3552,1.203051162,0.825544986,11.68566667,2.137946271,10.886492,-0.197078709928865,588.770245664654,393.412010268246,29.6538461538462,1.42942586485527,0.421627577837973,1.93785020243584,1.81563696599978,2.06006343887189,0.458331098417177,1.49900969961589,1.13534531801063,3.49723758112125,1.13347425437864,0.75235782743181,1.7076500549277
27,"Celtic Sea",28,"East Atlantic",50.266,-8,0.3269508,22.56748,3.827894,127.2594,0.1778,-0.011711807,0.782618713,10.47360417,0.285648757,9.643808,-0.338283676287844,2976.511644442,1698.87512084124,38.3888888888889,1.75978100916802,0.482152464356909,2.0571534193717,1.95901399628172,2.15529284246167,0.300230271318205,1.3798754499579,1.11199211005836,1.94347906438912,1.53984392370343,1.0990719747161,2.15738310494074
28,"Bay of Biscay",27,"East Atlantic",46.036,-3,0.3313907,20.78449,3.986081,106.9846,0.3773,0.27096258,1.151799297,11.92791339,-0.139533782,9.405627,-0.496898064068577,3942.49558623444,2437.75515931339,40.5555555555556,1.07339674836595,0.289766226419353,1.94926153974719,1.84607448912526,2.05244859036912,0.563443189806241,1.41666650090657,1.00287849929818,2.18257045815521,1.12198233993632,0.77336980913002,1.6277392216087
29,"Cantabric sea",26,"East Atlantic",43.502,-4.4,0.3543345,19.76656,3.923178,135.4735,0.2796,-0.241999906,0.932917129,12.0972125,-0.167855272,10.624033,0.430773466047803,44738.696405793,27943.1888876961,40.4827586206897,1.43045940121662,0.386235144303468,1.9818382724167,1.84794579346929,2.11573075136411,0.443288712441123,1.5866088643382,1.14046086586287,2.52919409351749,1.37633785699757,0.889697788687929,2.12915657506383
3,"Greenland east",52,"Arctic",63.61,-35.5,0.1087563,31.61528,4.037597,295.0909,0.069,-0.490878572,0.897277322,5.201853333,-0.469457692,9.243107,-0.674519753344871,538224.970588235,438036.336037181,17.3235294117647,0.8048589609436,0.282778839779946,2.08686653255036,1.92147042051943,2.2522626445813,0.510865782864333,1.34269104042421,0.95318839560103,2.30397833635488,1.58515904927577,0.925062549817273,2.71628033368901
30,"Galician coast",25,"Upwelling",42.763,-9.15,0.3710568,19.04255,3.90515,143.9738,0.2012,0.446995334,1.502338442,12.63886111,-0.232352486,9.160968,-0.0487838141895932,74356.2090723153,34076.5485019139,28.5172413793103,1.18749169486331,0.353926144425888,1.76675770674002,1.65263643794568,1.88087897553436,0.35769642996354,2.88644433099585,2.42060484703605,3.8151588469797,1.14088783033478,0.762245959986846,1.70761815704272
31,"Portugal north",24,"Upwelling",40.273,-9.5,0.3355115,21.61918,4.016597,110.4254,0.3622,-0.145924543,0.613872813,13.8384375,0.617749916,12.385429,0.625844843599643,1546.41198813189,1060.33139294901,19.4444444444444,0.778704882008049,0.263171832915514,2.00785667883991,1.82543307941305,2.19028027826676,0.660040490214473,1.74009517325599,1.26197289763669,3.06062050238085,1.61802733444865,0.883714757564223,2.96250847076381
32,"Portugal centre",23,"Upwelling",37.754,-9.5,0.2529286,28.19187,3.794689,111.9116,0.3546,-0.303388431,0.692582408,14.63733333,0.447566284,12.161508,0.73602322407644,374.924290793333,258.305122994217,16.2222222222222,1.34013244350308,0.480854941272123,1.95394509045204,1.73261739793169,2.17527278297239,0.415074342222141,1.71963108894804,1.0094253666274,2.29648872697973,1.44040496987248,0.840690352790575,2.46793182572679
33,"Gulf of Cadiz",22,"Upwelling",36.506,-6.75,0.3523692,18.39269,3.661687,79.935,0.5268,0.007539109,1.508694537,15.9206875,0.063678777,10.367137,-0.171670085658477,9177.7959480345,3397.7571337131,44.875,2.58947609499757,0.680344722445688,1.85215023269921,1.76024748899698,1.94405297640144,0.124157214040319,3.26360063684072,2.92112321140252,3.71862599066561,1.9631965830386,1.48389345598001,2.59731640982879
34,"Portugal south",21,"Upwelling",36.502,-8,0.3133092,21.55804,3.885355,92.3122,0.3276,-1.056401576,0.726092092,15.71495833,-0.095410185,9.172592,0.207780542312227,758.216029334857,598.967065099125,11,1.14840934434687,0.478923895206927,2.09539601407515,1.86261844086299,2.3281735872873,0.419117367925254,1.32884776954228,0.770992819302422,2.08318812350962,1.50733198530527,0.903627337961004,2.51436584361327
35,"Mauritania north",20,"Upwelling",20.103,-16.9,0.2593386,14.29707,3.54851,55.1076,0.633,2.01411644,0.579428587,16.644,1.072268313,7.957622,-1.22924616885341,566.282986711357,408.129716598784,24.3571428571429,1.85650734762967,0.584595505554853,2.12944832138447,1.95839374998876,2.30050289278019,0.29763192163886,1.86597047640508,1.61523827110082,2.28076417285706,2.34705049510509,1.5631669897182,3.5240291426357
36,"Mauritania centre",19,"Upwelling",18.402,-16.5,0.263369,14.81707,3.66493,78.9827,0.5347,2.24712071,0.61690926,16.00208333,1.35686555,9.896428,-1.43801722144189,577.060451727846,469.209680431652,11.5384615384615,1.20419485428517,0.493083553437054,2.03252844131528,1.78714612202284,2.27791076060771,0.470457990084439,1.69802862611596,1.37450668074233,2.30610801126398,1.69208365126533,1.00003603676328,2.86304390804382
37,"Mauritania south",18,"Upwelling",16.802,-16.5,0.260666,14.49276,3.507927,62.8242,0.6153,2.241154922,0.842752189,16.782,1.845931948,7.727121,-0.302983883633686,806.788397177615,805.542075713945,15.4615384615385,1.52484536203736,0.559995025746359,2.09848696233741,1.90996142049481,2.28701250418002,0.498269175187915,1.43192206254105,0.944776975971017,1.94959821110883,1.65398544710509,1.08371592808012,2.5243403629601
38,"South Aegean",17,"Mediterranean",37.007,25.5,0.3593062,15.247,3.424716,114.6277,0.3958,-1.831582494,0.565113868,15.6417,-0.273647683,12.021066,-0.675971530159855,1632.17711621933,2111.76396443505,15,1.81656302007739,0.670801087564044,2.18770678113458,1.788438664767,2.58697489750216,0.595316020004729,0.753287411240115,0.400388845675882,1.82474616945373,0.901868241409854,0.392413857234877,2.07272579667559
39,"Crete",16,"Mediterranean",35.754,24.75,0.2921072,15.35394,3.388494,92.4951,0.5281,-2.075840314,0.431362238,15.97965,0.260362262,11.809885,-0.930884200427164,594.774042286,431.422121620305,12,1.75974879637041,0.708175011934773,2.03473907562617,1.65356416368775,2.41591398756459,0.652230075206782,1.24833118298869,0.96884612886279,2.16681632446119,1.21476732883483,0.624205968298054,2.36405888144264
4,"Greenland west",51,"Arctic",61.832,-50,0.1955973,46.69789,3.955452,204.5,0.0808,0.08478868,1.515239564,4.379788618,0.487570204,10.788661,-2.24669637376414,138103.147058824,128698.724079789,15.5588235294118,1.39587908637559,0.508817078878191,2.07403479698108,1.86561401598447,2.28245557797768,0.346763284149732,1.33486400526341,1.0069227541738,2.55686859833654,1.44267466486282,0.853353630746748,2.43897736371701
40,"Southeast Adriatic",15,"Mediterranean",41.008,18,0.3588123,18.031,3.630983,91.4843,0.4214,-0.91853779,0.773397305,13.71441667,-0.538710827,12.119377,-1.06225625170746,4854.40061758947,2844.67598480084,40.6842105263158,2.38249108192844,0.642886595335159,2.08951014132505,1.92266805569902,2.25635222695107,0.275560127332978,1.70162093463325,0.872226202560384,2.45939512794519,1.92845028846816,1.24324296705904,2.99130629621837
41,"Western Ionian",14,"Mediterranean",39.007,17,0.3153601,16.54014,3.668622,83.33,0.5232,-1.36247575,0.671342857,14.56883333,-0.035627178,10.488178,-1.28631147904912,422028.909353888,496890.278499602,52.5,2.5987272502937,0.683013818878075,2.06042973474504,2.02438256680774,2.09647690268234,0.119924392326186,2.64292878300919,2.4497829603696,3.13158200064556,3.13777741773181,2.77556938749869,3.54725310329946
42,"Central south Tyrrhenian",13,"Mediterranean",39.772,14.25,0.3077612,22.55865,3.773972,97.5832,0.498,-0.813688581,2.023724919,14.01277778,-0.686723417,10.716364,-1.2191913545765,8698.5011201619,2804.05564395007,33.5238095238095,2.1677158446581,0.617477254058072,2.00526939387573,1.79662751030281,2.21391127744865,0.123687364458103,3.2075933241559,2.55112265221236,5.28557082148768,2.76864094070935,1.60974181634374,4.76186465478208
43,"Northeast Adriatic",12,"Mediterranean",44.019,13.5,0.3477235,18.02561,3.823296,69.23,0.6531,0.233960811,1.214965504,13.58066667,1.198155919,11.800232,0.285261645580564,4462.856,1738.43017445837,39.2,2.21286974851056,0.602972092823672,1.97772709695527,1.83257614771547,2.12287804619508,0.200828042568914,2.3738398764949,2.01504937946913,3.23526323705726,1.99897736588811,1.30430581844471,3.06363005732645
44,"Strait of Sicily",11,"Mediterranean",37.007,13,0.3272068,20.66495,3.791818,89.2,0.4847,-1.50393195,0.658930643,14.91255556,0.217393717,11.429768,-0.284103151104502,196124.269635995,212580.201988072,55.5555555555556,3.09494253966892,0.792742621725696,2.0444360701484,1.9902944485617,2.09857769173509,0.128120818099077,2.69798724532058,2.40235623962293,3.17913220601855,2.98838120124932,2.54870302316754,3.50390850672024
45,"North Tyrrhenian",10,"Mediterranean",41.508,11,0.2887957,22.04077,4.010919,100,0.589,-1.281583215,0.822558089,13.846125,-0.59602047,10.370513,-0.661342358820314,11113.9095238095,7119.08711724367,45.1904761904762,2.33387661915822,0.612320530668946,2.20669500855644,1.95167006717745,2.46171994993543,0.271292605235353,1.49024693976105,0.541905752523617,2.4660458858102,2.04431536057285,1.03239671968775,4.04808075595021
46,"Corsica",9,"Mediterranean",42.262,9.5,0.3071931,14.87663,3.615358,94.52,0.2589,-1.344742932,0.677104333,13.49883333,-0.031490667,11.09343,-0.423677450577832,317648.908178876,451401.355814995,36.0555555555556,2.48117814421694,0.728273918191137,2.04161045330618,2.00439053085737,2.07883037575498,0.166278365575518,2.36845082926322,1.98053358442933,3.07064070551893,2.64134513691637,2.35116853730718,2.96733476210186
47,"Ligurian Sea",8,"Mediterranean",43.755,9.25,0.3396892,19.1231,3.820404,85,0.562,-0.926911081,0.833616947,13.40179167,-0.192371893,10.647105,-0.879141875072202,13303.2761904762,4365.15322662387,47,2.43007241314407,0.63112888248003,2.01896004062308,1.83983940333867,2.19808067790749,0.159378049791803,2.17030568989387,1.14749742716309,3.61405226816378,2.03581744639554,1.24801626807797,3.32091237995746
48,"Sardinia",7,"Mediterranean",39.772,9.25,0.3146233,17.61766,3.755403,92.16,0.5329,-1.431277669,0.816471986,13.82117424,-0.359536176,9.106949,-1.64829309240278,522110.59350378,1158170.86100887,68.421052631579,3.02450869385733,0.73391233879431,2.14710470563131,2.0990989860046,2.19511042525802,0.386815427973835,1.38017664207001,1.14469278451917,1.78627868437515,2.09711052506504,1.81064729059813,2.42889522281602
49,"Gulf of Lion",6,"Mediterranean",42.755,4.25,0.3707309,17.88028,3.752534,79.76,0.3617,-0.499087814,0.763126676,13.34695833,0.000499875,10.691411,-1.39449590199801,486511.563725961,757519.820519839,58.1052631578947,2.93783026718492,0.75048796919769,2.15245844513971,2.11590519589637,2.18901169438306,0.193917626545203,2.00796817515758,1.76096276297454,2.26055904003167,3.11680291898787,2.78219733089349,3.49165040449937
5,"Flemish Cap",50,"West Atlantic",47.521,-45,0.1598986,41.2443,3.757361,165,0.1094,-0.218080419,1.012470217,4.002048611,-0.077421147,11.081532,-0.384150389304661,38321.6095621847,41834.6639264949,7.81818181818182,1.05395243591936,0.51129344442976,2.24119839165964,1.83337262864357,2.6490241546757,0.384882034057455,1.14765764425282,0.736005158633508,2.39545727580192,1.49686894201102,0.677627699415975,3.30655997605808
50,"Balearic Islands",5,"Mediterranean",39.754,3,0.2941777,18.87001,3.657829,99.2297,0.3954,-1.412476029,0.726804267,13.33495238,-0.34430281,9.163872,-0.88721991275468,12450.0756985229,4841.88310440989,45.6428571428571,2.71037991987022,0.709538781403476,1.70667991718982,1.59496102693006,1.81839880744959,0.247012805359525,2.92557219768575,2.21576725569946,4.38729684516297,0.906133969727748,0.623173440999945,1.31757664411542
51,"Catalan coast",4,"Mediterranean",41.754,2.25,0.4898512,17.31205,3.944525,93.9389,0.4085,-0.829432916,0.804037612,13.19491667,-0.466808738,9.319807,-1.58606812561158,89671.551481685,63942.2970239888,44.85,1.52491517493916,0.401052713875658,1.85243543852122,1.66162776904678,2.04324310799566,0.392995180428292,1.72812961548598,1.18774786000109,3.26857433745009,0.815475795646135,0.427838399008948,1.55432699548501
52,"Centre Mediterranean Iberian",3,"Mediterranean",39.86,0.75,0.4483823,18.15565,3.948648,84.5146,0.3559,-0.865094246,0.93959173,13.33880556,0.193646083,11.443466,-1.0291263387643,20304.0737894579,28102.8573103205,33.15,1.75816263388016,0.501506231674678,1.89524885923402,1.73386942753492,2.05662829093313,0.721652562390515,0.854392419796674,0.476195965670595,2.30084984414505,0.540735831848483,0.32694754709154,0.894318499851004
53,"South Mediterranean Iberian",2,"Mediterranean",38.102,0.25,0.4489278,21.89672,3.911738,97.3007,0.4438,-1.281657825,0.731690477,13.8053125,-0.310609577,10.387985,-1.07347392178241,21893.2888290071,25096.4584442149,34.4,1.90559415217723,0.538786596265558,1.96735612687729,1.80682252119488,2.1278897325597,0.518211617334063,1.20289489806089,0.835444644564574,2.2285597753414,0.990880721442567,0.619081035547932,1.58597105669298
54,"Alboran Sea",1,"Mediterranean",36.254,-3,0.4272686,23.02794,3.756302,88.1733,0.4748,-0.610362657,0.912846959,14.66279167,0.120002792,10.637272,-0.840807634210482,23988.3130054464,32195.2404916729,27.6315789473684,1.95932437691899,0.590143284896084,2.0670782641959,1.88547934751339,2.24867718087841,0.417561658439313,0.924576664340354,0.443904953495696,2.59601692840063,0.965045987074937,0.595570335161066,1.56373429330992
6,"Southern Gulf Saint Lawrence",49,"West Atlantic",47.265,-62.5,0.2177523,35.26673,3.919315,82.78,0.8434,1.330818577,1.141192997,0.374291667,0.092123289,11.159427,-0.125554152721696,6100.152328862,851.78065475618,27.7142857142857,1.44287324372343,0.434202982246723,1.80548892137801,1.66209943518368,1.94887840757233,0.187388367735887,4.89058047328706,4.4518154466272,5.82388690540565,2.42499127829598,1.52269466379459,3.86195790898551
7,"Newfoundland",48,"West Atlantic",47.084,-52,0.1900169,30.98939,3.810198,184.82,0.8693,-0.106039544,1.240379433,0.882224359,-0.739916312,11.253937,-0.156821075495451,61412.9569079814,22423.7533076862,52.4,1.98218455681624,0.500818429136856,1.8615724090962,1.76198565766177,1.96115916053064,0.377485313953123,2.0688406882565,1.03520128924115,3.2420437969789,1.19151252238148,0.842429161936336,1.68524803643867
8,"Eastern Scotian Shelf - east",47,"West Atlantic",45.498,-59.28,0.2858841,39.31947,3.594385,99.3306,0.4111,0.552333175,1.087184343,2.050225,-0.316355933,14.653107,0.179724019446273,8546.84894372062,4075.35857229264,24.5882352941176,1.68024804407365,0.52487651908693,1.98209163638555,1.81194212805604,2.15224114471505,0.237121124439759,2.00159366628177,1.3597368395147,3.33836302387189,1.76841555767601,1.11533928318861,2.80389441290907
9,"Bay of Fundy",46,"West Atlantic",44.121,-66.295,0.2824395,43.5842,4.234089,108.8667,0.4056,0.65692432,0.521791232,6.891375,1.233725762,13.869972,0.189441979641195,11778.9860113851,13074.9704008152,23.4705882352941,1.87003273489782,0.592720445581404,2.11798012659749,1.91009564358952,2.32586460960547,0.312725221809835,1.001977980406,0.575233643308802,2.43952220859066,1.12690988904032,0.656189367959614,1.93530398391799
